1.45000e+03,1.60496e-24
1.45010e+03,1.49989e-24
1.45019e+03,1.40443e-24
1.45029e+03,1.31992e-24
1.45038e+03,1.24770e-24
1.45048e+03,1.18913e-24
1.45057e+03,1.14554e-24
1.45067e+03,1.11827e-24
1.45076e+03,1.10868e-24
1.45086e+03,1.11809e-24
1.45095e+03,1.14787e-24
1.45105e+03,1.19934e-24
1.45114e+03,1.27385e-24
1.45124e+03,1.37275e-24
1.45133e+03,1.49738e-24
1.45143e+03,1.64908e-24
1.45152e+03,1.82920e-24
1.45162e+03,2.03907e-24
1.45171e+03,2.28005e-24
1.45181e+03,2.55348e-24
1.45190e+03,2.86069e-24
1.45199e+03,3.20304e-24
1.45209e+03,3.58186e-24
1.45218e+03,3.99850e-24
1.45228e+03,4.45430e-24
1.45238e+03,4.95061e-24
1.45247e+03,5.66681e-24
1.45257e+03,5.83516e-24
1.45266e+03,6.38242e-24
1.45276e+03,7.16782e-24
1.45285e+03,7.97512e-24
1.45295e+03,9.19793e-24
1.45304e+03,1.02972e-23
1.45314e+03,1.19120e-23
1.45323e+03,1.33695e-23
1.45333e+03,1.44744e-23
1.45342e+03,1.57071e-23
1.45352e+03,1.64484e-23
1.45361e+03,1.82370e-23
1.45371e+03,1.92635e-23
1.45380e+03,1.99234e-23
1.45390e+03,2.16691e-23
1.45399e+03,2.27121e-23
1.45409e+03,2.38826e-23
1.45418e+03,2.53457e-23
1.45428e+03,2.68910e-23
1.45437e+03,2.83672e-23
1.45447e+03,2.90724e-23
1.45456e+03,2.87038e-23
1.45466e+03,2.91139e-23
1.45475e+03,2.91400e-23
1.45485e+03,2.99516e-23
1.45494e+03,2.95648e-23
1.45504e+03,3.00960e-23
1.45513e+03,3.06392e-23
1.45522e+03,3.11732e-23
1.45532e+03,3.11127e-23
1.45542e+03,3.14845e-23
1.45551e+03,3.21418e-23
1.45561e+03,3.15575e-23
1.45570e+03,3.17450e-23
1.45580e+03,3.17440e-23
1.45589e+03,3.32512e-23
1.45598e+03,3.33438e-23
1.45608e+03,3.32694e-23
1.45618e+03,3.31997e-23
1.45627e+03,3.27056e-23
1.45637e+03,3.33397e-23
1.45646e+03,3.48134e-23
1.45656e+03,3.49593e-23
1.45665e+03,3.48050e-23
1.45674e+03,3.48847e-23
1.45684e+03,3.62895e-23
1.45694e+03,3.62024e-23
1.45703e+03,3.67091e-23
1.45713e+03,3.68022e-23
1.45722e+03,3.90125e-23
1.45732e+03,3.98227e-23
1.45741e+03,4.17542e-23
1.45751e+03,4.41810e-23
1.45760e+03,4.59581e-23
1.45770e+03,4.88214e-23
1.45779e+03,5.12290e-23
1.45789e+03,5.37726e-23
1.45798e+03,5.57985e-23
1.45808e+03,5.88624e-23
1.45817e+03,6.10445e-23
1.45827e+03,6.35863e-23
1.45836e+03,6.68635e-23
1.45845e+03,6.78529e-23
1.45855e+03,6.95856e-23
1.45865e+03,7.27765e-23
1.45874e+03,7.39943e-23
1.45884e+03,7.66096e-23
1.45893e+03,7.94227e-23
1.45903e+03,8.14939e-23
1.45912e+03,8.46855e-23
1.45921e+03,8.62725e-23
1.45931e+03,8.87933e-23
1.45941e+03,9.16221e-23
1.45950e+03,9.50487e-23
1.45960e+03,9.66447e-23
1.45969e+03,9.83338e-23
1.45979e+03,1.01503e-22
1.45988e+03,1.04535e-22
1.45997e+03,1.07509e-22
1.46007e+03,1.08904e-22
1.46017e+03,1.11483e-22
1.46026e+03,1.14370e-22
1.46036e+03,1.17494e-22
1.46045e+03,1.20786e-22
1.46055e+03,1.22368e-22
1.46064e+03,1.25653e-22
1.46073e+03,1.28524e-22
1.46083e+03,1.31495e-22
1.46093e+03,1.32897e-22
1.46102e+03,1.34728e-22
1.46112e+03,1.37105e-22
1.46121e+03,1.39474e-22
1.46131e+03,1.41261e-22
1.46140e+03,1.42671e-22
1.46149e+03,1.43493e-22
1.46159e+03,1.45864e-22
1.46169e+03,1.46613e-22
1.46178e+03,1.50227e-22
1.46188e+03,1.51989e-22
1.46197e+03,1.53256e-22
1.46207e+03,1.53978e-22
1.46216e+03,1.55818e-22
1.46226e+03,1.57752e-22
1.46235e+03,1.59806e-22
1.46244e+03,1.62668e-22
1.46254e+03,1.65084e-22
1.46264e+03,1.66613e-22
1.46273e+03,1.70638e-22
1.46283e+03,1.73798e-22
1.46292e+03,1.76529e-22
1.46302e+03,1.78113e-22
1.46311e+03,1.79633e-22
1.46320e+03,1.81793e-22
1.46330e+03,1.85140e-22
1.46340e+03,1.88931e-22
1.46349e+03,1.91615e-22
1.46359e+03,1.95416e-22
1.46368e+03,1.98516e-22
1.46378e+03,2.00664e-22
1.46387e+03,2.03261e-22
1.46396e+03,2.05844e-22
1.46406e+03,2.09050e-22
1.46416e+03,2.12738e-22
1.46425e+03,2.16658e-22
1.46435e+03,2.19215e-22
1.46444e+03,2.24050e-22
1.46454e+03,2.27452e-22
1.46463e+03,2.31273e-22
1.46472e+03,2.34530e-22
1.46482e+03,2.37282e-22
1.46492e+03,2.41729e-22
1.46501e+03,2.44767e-22
1.46511e+03,2.47840e-22
1.46520e+03,2.51455e-22
1.46530e+03,2.56100e-22
1.46539e+03,2.61258e-22
1.46548e+03,2.63872e-22
1.46558e+03,2.65976e-22
1.46568e+03,2.68490e-22
1.46577e+03,2.71148e-22
1.46587e+03,2.74457e-22
1.46596e+03,2.76579e-22
1.46606e+03,2.78726e-22
1.46615e+03,2.79774e-22
1.46625e+03,2.82437e-22
1.46634e+03,2.86704e-22
1.46643e+03,2.89279e-22
1.46653e+03,2.92865e-22
1.46663e+03,2.94261e-22
1.46672e+03,2.97266e-22
1.46682e+03,3.01736e-22
1.46691e+03,3.05726e-22
1.46701e+03,3.08910e-22
1.46710e+03,3.12570e-22
1.46719e+03,3.16091e-22
1.46729e+03,3.19982e-22
1.46739e+03,3.23584e-22
1.46748e+03,3.27965e-22
1.46758e+03,3.30100e-22
1.46767e+03,3.31944e-22
1.46777e+03,3.33663e-22
1.46786e+03,3.37487e-22
1.46795e+03,3.41938e-22
1.46805e+03,3.44447e-22
1.46815e+03,3.46906e-22
1.46824e+03,3.49226e-22
1.46834e+03,3.51836e-22
1.46843e+03,3.55777e-22
1.46853e+03,3.58372e-22
1.46862e+03,3.61061e-22
1.46871e+03,3.64555e-22
1.46881e+03,3.67306e-22
1.46891e+03,3.70576e-22
1.46900e+03,3.72060e-22
1.46910e+03,3.72862e-22
1.46919e+03,3.75493e-22
1.46929e+03,3.78185e-22
1.46938e+03,3.82192e-22
1.46947e+03,3.86216e-22
1.46957e+03,3.90685e-22
1.46967e+03,3.94138e-22
1.46976e+03,3.98625e-22
1.46986e+03,4.02185e-22
1.46995e+03,4.07726e-22
1.47005e+03,4.11011e-22
1.47014e+03,4.13590e-22
1.47024e+03,4.14482e-22
1.47033e+03,4.17234e-22
1.47043e+03,4.19513e-22
1.47052e+03,4.21132e-22
1.47062e+03,4.23318e-22
1.47071e+03,4.24636e-22
1.47081e+03,4.28440e-22
1.47090e+03,4.31454e-22
1.47100e+03,4.36694e-22
1.47109e+03,4.39534e-22
1.47118e+03,4.42051e-22
1.47128e+03,4.43612e-22
1.47138e+03,4.45394e-22
1.47147e+03,4.48630e-22
1.47157e+03,4.50262e-22
1.47166e+03,4.52022e-22
1.47176e+03,4.53736e-22
1.47185e+03,4.56587e-22
1.47194e+03,4.60449e-22
1.47204e+03,4.64872e-22
1.47214e+03,4.68907e-22
1.47223e+03,4.72180e-22
1.47233e+03,4.75137e-22
1.47242e+03,4.78694e-22
1.47252e+03,4.83944e-22
1.47261e+03,4.87121e-22
1.47270e+03,4.90417e-22
1.47280e+03,4.93036e-22
1.47290e+03,4.96929e-22
1.47299e+03,5.00806e-22
1.47309e+03,5.05467e-22
1.47318e+03,5.08802e-22
1.47328e+03,5.09597e-22
1.47337e+03,5.12333e-22
1.47347e+03,5.16449e-22
1.47356e+03,5.20415e-22
1.47366e+03,5.23174e-22
1.47375e+03,5.26161e-22
1.47385e+03,5.30351e-22
1.47394e+03,5.36478e-22
1.47404e+03,5.41487e-22
1.47413e+03,5.45901e-22
1.47423e+03,5.51466e-22
1.47432e+03,5.54696e-22
1.47442e+03,5.56718e-22
1.47451e+03,5.60207e-22
1.47461e+03,5.62150e-22
1.47470e+03,5.65123e-22
1.47480e+03,5.67471e-22
1.47489e+03,5.69952e-22
1.47499e+03,5.73336e-22
1.47508e+03,5.77650e-22
1.47518e+03,5.80923e-22
1.47527e+03,5.84206e-22
1.47537e+03,5.86994e-22
1.47546e+03,5.90581e-22
1.47556e+03,5.95619e-22
1.47565e+03,5.98829e-22
1.47574e+03,6.01872e-22
1.47584e+03,6.03797e-22
1.47593e+03,6.05224e-22
1.47603e+03,6.07855e-22
1.47613e+03,6.12778e-22
1.47622e+03,6.16858e-22
1.47632e+03,6.19892e-22
1.47641e+03,6.23972e-22
1.47651e+03,6.26709e-22
1.47660e+03,6.30778e-22
1.47670e+03,6.36482e-22
1.47679e+03,6.41232e-22
1.47689e+03,6.45261e-22
1.47698e+03,6.47804e-22
1.47708e+03,6.51666e-22
1.47717e+03,6.57364e-22
1.47727e+03,6.61867e-22
1.47736e+03,6.64852e-22
1.47746e+03,6.69519e-22
1.47755e+03,6.75023e-22
1.47765e+03,6.79689e-22
1.47774e+03,6.83939e-22
1.47784e+03,6.88153e-22
1.47793e+03,6.91087e-22
1.47803e+03,6.94542e-22
1.47812e+03,7.00869e-22
1.47822e+03,7.05779e-22
1.47831e+03,7.10060e-22
1.47841e+03,7.14041e-22
1.47850e+03,7.19320e-22
1.47860e+03,7.25166e-22
1.47869e+03,7.30057e-22
1.47879e+03,7.34506e-22
1.47888e+03,7.38429e-22
1.47898e+03,7.43158e-22
1.47907e+03,7.45995e-22
1.47917e+03,7.50753e-22
1.47926e+03,7.56374e-22
1.47936e+03,7.62474e-22
1.47945e+03,7.67406e-22
1.47955e+03,7.74589e-22
1.47964e+03,7.79384e-22
1.47973e+03,7.85500e-22
1.47983e+03,7.89785e-22
1.47993e+03,7.94560e-22
1.48002e+03,7.97711e-22
1.48012e+03,8.01458e-22
1.48021e+03,8.06220e-22
1.48031e+03,8.12479e-22
1.48040e+03,8.16415e-22
1.48049e+03,8.21123e-22
1.48059e+03,8.25533e-22
1.48069e+03,8.29002e-22
1.48078e+03,8.35383e-22
1.48088e+03,8.41033e-22
1.48097e+03,8.45592e-22
1.48107e+03,8.50680e-22
1.48116e+03,8.53315e-22
1.48126e+03,8.57808e-22
1.48135e+03,8.64864e-22
1.48145e+03,8.70898e-22
1.48154e+03,8.76197e-22
1.48164e+03,8.80542e-22
1.48173e+03,8.84547e-22
1.48183e+03,8.91391e-22
1.48192e+03,8.97082e-22
1.48202e+03,9.02531e-22
1.48211e+03,9.06663e-22
1.48221e+03,9.12583e-22
1.48230e+03,9.18085e-22
1.48240e+03,9.24341e-22
1.48249e+03,9.30421e-22
1.48259e+03,9.35152e-22
1.48268e+03,9.40696e-22
1.48278e+03,9.47289e-22
1.48287e+03,9.54387e-22
1.48296e+03,9.59449e-22
1.48306e+03,9.65533e-22
1.48316e+03,9.71278e-22
1.48325e+03,9.78047e-22
1.48335e+03,9.83260e-22
1.48344e+03,9.87868e-22
1.48354e+03,9.93590e-22
1.48363e+03,9.98166e-22
1.48372e+03,1.00372e-21
1.48382e+03,1.00900e-21
1.48392e+03,1.01434e-21
1.48401e+03,1.02010e-21
1.48411e+03,1.02492e-21
1.48420e+03,1.02886e-21
1.48430e+03,1.03447e-21
1.48439e+03,1.03912e-21
1.48448e+03,1.04377e-21
1.48458e+03,1.04882e-21
1.48468e+03,1.05408e-21
1.48477e+03,1.05818e-21
1.48487e+03,1.06508e-21
1.48496e+03,1.07118e-21
1.48506e+03,1.07674e-21
1.48515e+03,1.08070e-21
1.48524e+03,1.08536e-21
1.48534e+03,1.08870e-21
1.48544e+03,1.09309e-21
1.48553e+03,1.09817e-21
1.48563e+03,1.10133e-21
1.48572e+03,1.10411e-21
1.48582e+03,1.10740e-21
1.48591e+03,1.11151e-21
1.48601e+03,1.11688e-21
1.48610e+03,1.12007e-21
1.48620e+03,1.12317e-21
1.48629e+03,1.12678e-21
1.48639e+03,1.12982e-21
1.48648e+03,1.13484e-21
1.48658e+03,1.13976e-21
1.48667e+03,1.14312e-21
1.48677e+03,1.14780e-21
1.48686e+03,1.15287e-21
1.48695e+03,1.15844e-21
1.48705e+03,1.16350e-21
1.48715e+03,1.16961e-21
1.48724e+03,1.17370e-21
1.48734e+03,1.17885e-21
1.48743e+03,1.18458e-21
1.48753e+03,1.18990e-21
1.48762e+03,1.19435e-21
1.48771e+03,1.19868e-21
1.48781e+03,1.20398e-21
1.48791e+03,1.20813e-21
1.48800e+03,1.21144e-21
1.48810e+03,1.21446e-21
1.48819e+03,1.21764e-21
1.48829e+03,1.22187e-21
1.48838e+03,1.22487e-21
1.48847e+03,1.22921e-21
1.48857e+03,1.23390e-21
1.48867e+03,1.23765e-21
1.48876e+03,1.24175e-21
1.48886e+03,1.24483e-21
1.48895e+03,1.24787e-21
1.48905e+03,1.25150e-21
1.48914e+03,1.25506e-21
1.48923e+03,1.25850e-21
1.48933e+03,1.26325e-21
1.48943e+03,1.26767e-21
1.48952e+03,1.27269e-21
1.48962e+03,1.27708e-21
1.48971e+03,1.27953e-21
1.48981e+03,1.28262e-21
1.48990e+03,1.28599e-21
1.48999e+03,1.28928e-21
1.49009e+03,1.29280e-21
1.49018e+03,1.29709e-21
1.49028e+03,1.29985e-21
1.49038e+03,1.30336e-21
1.49047e+03,1.30819e-21
1.49057e+03,1.31380e-21
1.49066e+03,1.31774e-21
1.49076e+03,1.31986e-21
1.49085e+03,1.32350e-21
1.49094e+03,1.32856e-21
1.49104e+03,1.33272e-21
1.49114e+03,1.33687e-21
1.49123e+03,1.34181e-21
1.49133e+03,1.34648e-21
1.49142e+03,1.35074e-21
1.49152e+03,1.35566e-21
1.49161e+03,1.36026e-21
1.49170e+03,1.36448e-21
1.49180e+03,1.37010e-21
1.49190e+03,1.37539e-21
1.49199e+03,1.37897e-21
1.49209e+03,1.38384e-21
1.49218e+03,1.38841e-21
1.49228e+03,1.39361e-21
1.49237e+03,1.39868e-21
1.49246e+03,1.40342e-21
1.49256e+03,1.40653e-21
1.49266e+03,1.40972e-21
1.49275e+03,1.41368e-21
1.49285e+03,1.41895e-21
1.49294e+03,1.42290e-21
1.49304e+03,1.42741e-21
1.49313e+03,1.43176e-21
1.49322e+03,1.43606e-21
1.49332e+03,1.44039e-21
1.49342e+03,1.44301e-21
1.49351e+03,1.44573e-21
1.49361e+03,1.44882e-21
1.49370e+03,1.45123e-21
1.49380e+03,1.45591e-21
1.49389e+03,1.46072e-21
1.49399e+03,1.46549e-21
1.49408e+03,1.47061e-21
1.49418e+03,1.47387e-21
1.49427e+03,1.47697e-21
1.49437e+03,1.47991e-21
1.49446e+03,1.48356e-21
1.49456e+03,1.48721e-21
1.49465e+03,1.49008e-21
1.49475e+03,1.49304e-21
1.49484e+03,1.49795e-21
1.49493e+03,1.50275e-21
1.49503e+03,1.50684e-21
1.49513e+03,1.51166e-21
1.49522e+03,1.51537e-21
1.49532e+03,1.51884e-21
1.49541e+03,1.52110e-21
1.49551e+03,1.52433e-21
1.49560e+03,1.52890e-21
1.49569e+03,1.53253e-21
1.49579e+03,1.53688e-21
1.49589e+03,1.54160e-21
1.49598e+03,1.54609e-21
1.49608e+03,1.55109e-21
1.49617e+03,1.55490e-21
1.49627e+03,1.56023e-21
1.49636e+03,1.56552e-21
1.49645e+03,1.57218e-21
1.49655e+03,1.57753e-21
1.49665e+03,1.58284e-21
1.49674e+03,1.58782e-21
1.49684e+03,1.59382e-21
1.49693e+03,1.59875e-21
1.49703e+03,1.60377e-21
1.49712e+03,1.60833e-21
1.49721e+03,1.61319e-21
1.49731e+03,1.61831e-21
1.49741e+03,1.62638e-21
1.49750e+03,1.63175e-21
1.49760e+03,1.63665e-21
1.49769e+03,1.64203e-21
1.49779e+03,1.64778e-21
1.49788e+03,1.65175e-21
1.49798e+03,1.65432e-21
1.49807e+03,1.65922e-21
1.49817e+03,1.66344e-21
1.49826e+03,1.66692e-21
1.49836e+03,1.67221e-21
1.49845e+03,1.67811e-21
1.49855e+03,1.68302e-21
1.49864e+03,1.68775e-21
1.49874e+03,1.69276e-21
1.49883e+03,1.69769e-21
1.49893e+03,1.70083e-21
1.49902e+03,1.70461e-21
1.49912e+03,1.70865e-21
1.49921e+03,1.71113e-21
1.49931e+03,1.71485e-21
1.49940e+03,1.72040e-21
1.49950e+03,1.72588e-21
1.49959e+03,1.73142e-21
1.49968e+03,1.73546e-21
1.49978e+03,1.73825e-21
1.49988e+03,1.74169e-21
1.49997e+03,1.74570e-21
1.50007e+03,1.75022e-21
1.50016e+03,1.75318e-21
1.50026e+03,1.75789e-21
1.50035e+03,1.76241e-21
1.50044e+03,1.76594e-21
1.50054e+03,1.77025e-21
1.50064e+03,1.77319e-21
1.50073e+03,1.77690e-21
1.50083e+03,1.78132e-21
1.50092e+03,1.78575e-21
1.50102e+03,1.79159e-21
1.50111e+03,1.79570e-21
1.50121e+03,1.80097e-21
1.50130e+03,1.80375e-21
1.50140e+03,1.80636e-21
1.50149e+03,1.80818e-21
1.50159e+03,1.81127e-21
1.50168e+03,1.81556e-21
1.50178e+03,1.82073e-21
1.50187e+03,1.82463e-21
1.50197e+03,1.82831e-21
1.50206e+03,1.83142e-21
1.50216e+03,1.83440e-21
1.50225e+03,1.83737e-21
1.50235e+03,1.84120e-21
1.50244e+03,1.84406e-21
1.50254e+03,1.84692e-21
1.50263e+03,1.84953e-21
1.50273e+03,1.85427e-21
1.50282e+03,1.85935e-21
1.50292e+03,1.86260e-21
1.50301e+03,1.86592e-21
1.50311e+03,1.86971e-21
1.50320e+03,1.87422e-21
1.50330e+03,1.87703e-21
1.50339e+03,1.88200e-21
1.50349e+03,1.88588e-21
1.50358e+03,1.88944e-21
1.50368e+03,1.89135e-21
1.50377e+03,1.89350e-21
1.50387e+03,1.89773e-21
1.50396e+03,1.90316e-21
1.50406e+03,1.90880e-21
1.50415e+03,1.91275e-21
1.50424e+03,1.91540e-21
1.50434e+03,1.91931e-21
1.50444e+03,1.92338e-21
1.50453e+03,1.92920e-21
1.50463e+03,1.93537e-21
1.50472e+03,1.93999e-21
1.50482e+03,1.94406e-21
1.50491e+03,1.94687e-21
1.50501e+03,1.95213e-21
1.50510e+03,1.95690e-21
1.50520e+03,1.96250e-21
1.50529e+03,1.96823e-21
1.50539e+03,1.97419e-21
1.50548e+03,1.98023e-21
1.50558e+03,1.98496e-21
1.50567e+03,1.99054e-21
1.50577e+03,1.99639e-21
1.50586e+03,1.99939e-21
1.50596e+03,2.00399e-21
1.50605e+03,2.00697e-21
1.50615e+03,2.01108e-21
1.50624e+03,2.01569e-21
1.50634e+03,2.02240e-21
1.50643e+03,2.02754e-21
1.50653e+03,2.03092e-21
1.50662e+03,2.03473e-21
1.50672e+03,2.03964e-21
1.50681e+03,2.04536e-21
1.50691e+03,2.05212e-21
1.50700e+03,2.05690e-21
1.50710e+03,2.05981e-21
1.50719e+03,2.06325e-21
1.50729e+03,2.06895e-21
1.50738e+03,2.07386e-21
1.50747e+03,2.07787e-21
1.50757e+03,2.08171e-21
1.50767e+03,2.08699e-21
1.50776e+03,2.09122e-21
1.50786e+03,2.09552e-21
1.50795e+03,2.10115e-21
1.50805e+03,2.10539e-21
1.50814e+03,2.11100e-21
1.50823e+03,2.11652e-21
1.50833e+03,2.12108e-21
1.50843e+03,2.12512e-21
1.50852e+03,2.13082e-21
1.50862e+03,2.13733e-21
1.50871e+03,2.14394e-21
1.50881e+03,2.14940e-21
1.50890e+03,2.15481e-21
1.50899e+03,2.16156e-21
1.50909e+03,2.16808e-21
1.50919e+03,2.17578e-21
1.50928e+03,2.18338e-21
1.50938e+03,2.18737e-21
1.50947e+03,2.19138e-21
1.50957e+03,2.19705e-21
1.50966e+03,2.20359e-21
1.50976e+03,2.21038e-21
1.50985e+03,2.21688e-21
1.50995e+03,2.22288e-21
1.51004e+03,2.22995e-21
1.51014e+03,2.23633e-21
1.51023e+03,2.24210e-21
1.51033e+03,2.24884e-21
1.51042e+03,2.25666e-21
1.51052e+03,2.26415e-21
1.51061e+03,2.26889e-21
1.51070e+03,2.27526e-21
1.51080e+03,2.28048e-21
1.51090e+03,2.28773e-21
1.51099e+03,2.29465e-21
1.51109e+03,2.30207e-21
1.51118e+03,2.30827e-21
1.51128e+03,2.31385e-21
1.51137e+03,2.32066e-21
1.51146e+03,2.32694e-21
1.51156e+03,2.33312e-21
1.51166e+03,2.33835e-21
1.51175e+03,2.34270e-21
1.51185e+03,2.34959e-21
1.51194e+03,2.35643e-21
1.51204e+03,2.36362e-21
1.51213e+03,2.36918e-21
1.51222e+03,2.37570e-21
1.51232e+03,2.38264e-21
1.51242e+03,2.38960e-21
1.51251e+03,2.39560e-21
1.51261e+03,2.40337e-21
1.51270e+03,2.41224e-21
1.51280e+03,2.42194e-21
1.51289e+03,2.43092e-21
1.51298e+03,2.43695e-21
1.51308e+03,2.44367e-21
1.51318e+03,2.45299e-21
1.51327e+03,2.46182e-21
1.51337e+03,2.46994e-21
1.51346e+03,2.47950e-21
1.51356e+03,2.48865e-21
1.51365e+03,2.49749e-21
1.51374e+03,2.50643e-21
1.51384e+03,2.51679e-21
1.51394e+03,2.52680e-21
1.51403e+03,2.53472e-21
1.51413e+03,2.54229e-21
1.51422e+03,2.55226e-21
1.51432e+03,2.56439e-21
1.51441e+03,2.57513e-21
1.51451e+03,2.58429e-21
1.51460e+03,2.59480e-21
1.51469e+03,2.60626e-21
1.51479e+03,2.61778e-21
1.51489e+03,2.63008e-21
1.51498e+03,2.64205e-21
1.51508e+03,2.65503e-21
1.51517e+03,2.66650e-21
1.51527e+03,2.67781e-21
1.51536e+03,2.68950e-21
1.51545e+03,2.70160e-21
1.51555e+03,2.71302e-21
1.51565e+03,2.72595e-21
1.51574e+03,2.73841e-21
1.51584e+03,2.75032e-21
1.51593e+03,2.76110e-21
1.51603e+03,2.77237e-21
1.51612e+03,2.78462e-21
1.51621e+03,2.79663e-21
1.51631e+03,2.80951e-21
1.51641e+03,2.82231e-21
1.51650e+03,2.83632e-21
1.51660e+03,2.84953e-21
1.51669e+03,2.86199e-21
1.51679e+03,2.87535e-21
1.51688e+03,2.89018e-21
1.51697e+03,2.90389e-21
1.51707e+03,2.91606e-21
1.51717e+03,2.93028e-21
1.51726e+03,2.94550e-21
1.51736e+03,2.96037e-21
1.51745e+03,2.97473e-21
1.51755e+03,2.98957e-21
1.51764e+03,3.00408e-21
1.51773e+03,3.01883e-21
1.51783e+03,3.03547e-21
1.51793e+03,3.05361e-21
1.51802e+03,3.07023e-21
1.51812e+03,3.08810e-21
1.51821e+03,3.10661e-21
1.51831e+03,3.12452e-21
1.51840e+03,3.14178e-21
1.51850e+03,3.15968e-21
1.51859e+03,3.17802e-21
1.51868e+03,3.19480e-21
1.51878e+03,3.21296e-21
1.51888e+03,3.23157e-21
1.51897e+03,3.25121e-21
1.51907e+03,3.27109e-21
1.51916e+03,3.28899e-21
1.51926e+03,3.30811e-21
1.51935e+03,3.32832e-21
1.51944e+03,3.34854e-21
1.51954e+03,3.36902e-21
1.51964e+03,3.39038e-21
1.51973e+03,3.41064e-21
1.51983e+03,3.43197e-21
1.51992e+03,3.45129e-21
1.52002e+03,3.47231e-21
1.52011e+03,3.49283e-21
1.52020e+03,3.51219e-21
1.52030e+03,3.53441e-21
1.52040e+03,3.55722e-21
1.52049e+03,3.57960e-21
1.52059e+03,3.59982e-21
1.52068e+03,3.62045e-21
1.52078e+03,3.64262e-21
1.52087e+03,3.66316e-21
1.52096e+03,3.68580e-21
1.52106e+03,3.70787e-21
1.52116e+03,3.73006e-21
1.52125e+03,3.75181e-21
1.52135e+03,3.77364e-21
1.52144e+03,3.79675e-21
1.52154e+03,3.82223e-21
1.52163e+03,3.84852e-21
1.52173e+03,3.87385e-21
1.52182e+03,3.90033e-21
1.52192e+03,3.92664e-21
1.52201e+03,3.95300e-21
1.52211e+03,3.98001e-21
1.52220e+03,4.00676e-21
1.52230e+03,4.03419e-21
1.52239e+03,4.06307e-21
1.52249e+03,4.09074e-21
1.52258e+03,4.12026e-21
1.52268e+03,4.14996e-21
1.52277e+03,4.17964e-21
1.52287e+03,4.20922e-21
1.52296e+03,4.23865e-21
1.52306e+03,4.26754e-21
1.52315e+03,4.29551e-21
1.52325e+03,4.32505e-21
1.52334e+03,4.35461e-21
1.52343e+03,4.38571e-21
1.52353e+03,4.41719e-21
1.52363e+03,4.44922e-21
1.52372e+03,4.48136e-21
1.52382e+03,4.51418e-21
1.52391e+03,4.54792e-21
1.52401e+03,4.58144e-21
1.52410e+03,4.61607e-21
1.52419e+03,4.64991e-21
1.52429e+03,4.68523e-21
1.52439e+03,4.71986e-21
1.52448e+03,4.75488e-21
1.52458e+03,4.78988e-21
1.52467e+03,4.82529e-21
1.52477e+03,4.86280e-21
1.52486e+03,4.89958e-21
1.52495e+03,4.93799e-21
1.52505e+03,4.97670e-21
1.52515e+03,5.01375e-21
1.52524e+03,5.05130e-21
1.52534e+03,5.08920e-21
1.52543e+03,5.12840e-21
1.52553e+03,5.16768e-21
1.52562e+03,5.20606e-21
1.52572e+03,5.24627e-21
1.52581e+03,5.28591e-21
1.52591e+03,5.32834e-21
1.52600e+03,5.37009e-21
1.52610e+03,5.41343e-21
1.52619e+03,5.45735e-21
1.52629e+03,5.50227e-21
1.52638e+03,5.54546e-21
1.52648e+03,5.58721e-21
1.52657e+03,5.62984e-21
1.52667e+03,5.67241e-21
1.52676e+03,5.71572e-21
1.52686e+03,5.75675e-21
1.52695e+03,5.79877e-21
1.52705e+03,5.84051e-21
1.52714e+03,5.88196e-21
1.52724e+03,5.92346e-21
1.52733e+03,5.96423e-21
1.52743e+03,6.00586e-21
1.52752e+03,6.04759e-21
1.52762e+03,6.08847e-21
1.52771e+03,6.12868e-21
1.52781e+03,6.16960e-21
1.52790e+03,6.21040e-21
1.52799e+03,6.25148e-21
1.52809e+03,6.29271e-21
1.52818e+03,6.33409e-21
1.52828e+03,6.37379e-21
1.52838e+03,6.41320e-21
1.52847e+03,6.45175e-21
1.52857e+03,6.49196e-21
1.52866e+03,6.52964e-21
1.52876e+03,6.56600e-21
1.52885e+03,6.60216e-21
1.52895e+03,6.63627e-21
1.52904e+03,6.67167e-21
1.52914e+03,6.70490e-21
1.52923e+03,6.73794e-21
1.52933e+03,6.77035e-21
1.52942e+03,6.80035e-21
1.52952e+03,6.82954e-21
1.52961e+03,6.85825e-21
1.52971e+03,6.88667e-21
1.52980e+03,6.91498e-21
1.52990e+03,6.94189e-21
1.52999e+03,6.96688e-21
1.53009e+03,6.99141e-21
1.53018e+03,7.01432e-21
1.53028e+03,7.03542e-21
1.53037e+03,7.05604e-21
1.53047e+03,7.07680e-21
1.53056e+03,7.09420e-21
1.53066e+03,7.11073e-21
1.53075e+03,7.12617e-21
1.53085e+03,7.14109e-21
1.53094e+03,7.15470e-21
1.53104e+03,7.16663e-21
1.53113e+03,7.17538e-21
1.53123e+03,7.18312e-21
1.53132e+03,7.18979e-21
1.53142e+03,7.19372e-21
1.53151e+03,7.19619e-21
1.53161e+03,7.19767e-21
1.53170e+03,7.19956e-21
1.53180e+03,7.19767e-21
1.53189e+03,7.19554e-21
1.53198e+03,7.19216e-21
1.53208e+03,7.18536e-21
1.53218e+03,7.17977e-21
1.53227e+03,7.17004e-21
1.53237e+03,7.15910e-21
1.53246e+03,7.14594e-21
1.53256e+03,7.13100e-21
1.53265e+03,7.11398e-21
1.53274e+03,7.09637e-21
1.53284e+03,7.07748e-21
1.53294e+03,7.05650e-21
1.53303e+03,7.03384e-21
1.53313e+03,7.01021e-21
1.53322e+03,6.98534e-21
1.53332e+03,6.96103e-21
1.53341e+03,6.93159e-21
1.53351e+03,6.90328e-21
1.53360e+03,6.87232e-21
1.53370e+03,6.84076e-21
1.53379e+03,6.80851e-21
1.53389e+03,6.77237e-21
1.53398e+03,6.73589e-21
1.53408e+03,6.70049e-21
1.53417e+03,6.66566e-21
1.53427e+03,6.63096e-21
1.53436e+03,6.59630e-21
1.53446e+03,6.56042e-21
1.53455e+03,6.52417e-21
1.53465e+03,6.48535e-21
1.53474e+03,6.44703e-21
1.53484e+03,6.40990e-21
1.53493e+03,6.37141e-21
1.53503e+03,6.33211e-21
1.53512e+03,6.29360e-21
1.53521e+03,6.25580e-21
1.53531e+03,6.21669e-21
1.53541e+03,6.18018e-21
1.53550e+03,6.14494e-21
1.53560e+03,6.10999e-21
1.53569e+03,6.07351e-21
1.53579e+03,6.03776e-21
1.53588e+03,6.00250e-21
1.53597e+03,5.97015e-21
1.53607e+03,5.93865e-21
1.53617e+03,5.90651e-21
1.53626e+03,5.87501e-21
1.53636e+03,5.84414e-21
1.53645e+03,5.81355e-21
1.53655e+03,5.78512e-21
1.53664e+03,5.75670e-21
1.53673e+03,5.72817e-21
1.53683e+03,5.70133e-21
1.53693e+03,5.67596e-21
1.53702e+03,5.65059e-21
1.53712e+03,5.62491e-21
1.53721e+03,5.59988e-21
1.53731e+03,5.57471e-21
1.53740e+03,5.55217e-21
1.53749e+03,5.52937e-21
1.53759e+03,5.50705e-21
1.53769e+03,5.48634e-21
1.53778e+03,5.46613e-21
1.53788e+03,5.44626e-21
1.53797e+03,5.42764e-21
1.53807e+03,5.41043e-21
1.53816e+03,5.39318e-21
1.53826e+03,5.37792e-21
1.53835e+03,5.36152e-21
1.53844e+03,5.34688e-21
1.53854e+03,5.33314e-21
1.53864e+03,5.31908e-21
1.53873e+03,5.30955e-21
1.53883e+03,5.30065e-21
1.53892e+03,5.29054e-21
1.53902e+03,5.27825e-21
1.53911e+03,5.26804e-21
1.53920e+03,5.25685e-21
1.53930e+03,5.24740e-21
1.53940e+03,5.23863e-21
1.53949e+03,5.23158e-21
1.53959e+03,5.22505e-21
1.53968e+03,5.21891e-21
1.53978e+03,5.21374e-21
1.53987e+03,5.20935e-21
1.53996e+03,5.20424e-21
1.54006e+03,5.20094e-21
1.54016e+03,5.19927e-21
1.54025e+03,5.19817e-21
1.54035e+03,5.19609e-21
1.54044e+03,5.19219e-21
1.54054e+03,5.19172e-21
1.54063e+03,5.19209e-21
1.54072e+03,5.19208e-21
1.54082e+03,5.19126e-21
1.54092e+03,5.18968e-21
1.54101e+03,5.18957e-21
1.54111e+03,5.18875e-21
1.54120e+03,5.18830e-21
1.54130e+03,5.18724e-21
1.54139e+03,5.18577e-21
1.54148e+03,5.18276e-21
1.54158e+03,5.18037e-21
1.54168e+03,5.17687e-21
1.54177e+03,5.17174e-21
1.54187e+03,5.16657e-21
1.54196e+03,5.16195e-21
1.54206e+03,5.15594e-21
1.54215e+03,5.15012e-21
1.54224e+03,5.14272e-21
1.54234e+03,5.13383e-21
1.54243e+03,5.12528e-21
1.54253e+03,5.11603e-21
1.54263e+03,5.10776e-21
1.54272e+03,5.09883e-21
1.54282e+03,5.08946e-21
1.54291e+03,5.07936e-21
1.54301e+03,5.06702e-21
1.54310e+03,5.05488e-21
1.54319e+03,5.04299e-21
1.54329e+03,5.03089e-21
1.54339e+03,5.01860e-21
1.54348e+03,5.00635e-21
1.54358e+03,4.99101e-21
1.54367e+03,4.97717e-21
1.54377e+03,4.96187e-21
1.54386e+03,4.94826e-21
1.54395e+03,4.93359e-21
1.54405e+03,4.92126e-21
1.54415e+03,4.90726e-21
1.54424e+03,4.89365e-21
1.54434e+03,4.87794e-21
1.54443e+03,4.86274e-21
1.54453e+03,4.84770e-21
1.54462e+03,4.83235e-21
1.54471e+03,4.81863e-21
1.54481e+03,4.80703e-21
1.54491e+03,4.79364e-21
1.54500e+03,4.78036e-21
1.54510e+03,4.76713e-21
1.54519e+03,4.75412e-21
1.54529e+03,4.74394e-21
1.54538e+03,4.73312e-21
1.54547e+03,4.72188e-21
1.54557e+03,4.71238e-21
1.54567e+03,4.70283e-21
1.54576e+03,4.69291e-21
1.54586e+03,4.68250e-21
1.54595e+03,4.67362e-21
1.54605e+03,4.66589e-21
1.54614e+03,4.65876e-21
1.54624e+03,4.64989e-21
1.54633e+03,4.64175e-21
1.54643e+03,4.63427e-21
1.54652e+03,4.62725e-21
1.54662e+03,4.62037e-21
1.54671e+03,4.61148e-21
1.54681e+03,4.60345e-21
1.54690e+03,4.59628e-21
1.54700e+03,4.58948e-21
1.54709e+03,4.58130e-21
1.54718e+03,4.57453e-21
1.54728e+03,4.56782e-21
1.54738e+03,4.56250e-21
1.54747e+03,4.55585e-21
1.54757e+03,4.54857e-21
1.54766e+03,4.54164e-21
1.54776e+03,4.53580e-21
1.54785e+03,4.53020e-21
1.54794e+03,4.52417e-21
1.54804e+03,4.51843e-21
1.54814e+03,4.51271e-21
1.54823e+03,4.50666e-21
1.54833e+03,4.49981e-21
1.54842e+03,4.49375e-21
1.54852e+03,4.48746e-21
1.54861e+03,4.48182e-21
1.54870e+03,4.47647e-21
1.54880e+03,4.47051e-21
1.54890e+03,4.46509e-21
1.54899e+03,4.45838e-21
1.54909e+03,4.45223e-21
1.54918e+03,4.44772e-21
1.54928e+03,4.44353e-21
1.54937e+03,4.43881e-21
1.54947e+03,4.43627e-21
1.54956e+03,4.43369e-21
1.54966e+03,4.42894e-21
1.54975e+03,4.42565e-21
1.54985e+03,4.42401e-21
1.54994e+03,4.42295e-21
1.55004e+03,4.42174e-21
1.55013e+03,4.42155e-21
1.55023e+03,4.42111e-21
1.55032e+03,4.42009e-21
1.55042e+03,4.41746e-21
1.55051e+03,4.41720e-21
1.55061e+03,4.41755e-21
1.55070e+03,4.41873e-21
1.55080e+03,4.42121e-21
1.55089e+03,4.42204e-21
1.55099e+03,4.42324e-21
1.55108e+03,4.42320e-21
1.55118e+03,4.42509e-21
1.55127e+03,4.42711e-21
1.55137e+03,4.42938e-21
1.55146e+03,4.43118e-21
1.55156e+03,4.43389e-21
1.55165e+03,4.43470e-21
1.55175e+03,4.43583e-21
1.55184e+03,4.43542e-21
1.55193e+03,4.43475e-21
1.55203e+03,4.43576e-21
1.55213e+03,4.43813e-21
1.55222e+03,4.43828e-21
1.55232e+03,4.43764e-21
1.55241e+03,4.43955e-21
1.55251e+03,4.44083e-21
1.55260e+03,4.44135e-21
1.55269e+03,4.44235e-21
1.55279e+03,4.44313e-21
1.55289e+03,4.44358e-21
1.55298e+03,4.44477e-21
1.55308e+03,4.44391e-21
1.55317e+03,4.44474e-21
1.55327e+03,4.44473e-21
1.55336e+03,4.44296e-21
1.55346e+03,4.44181e-21
1.55355e+03,4.44089e-21
1.55365e+03,4.44071e-21
1.55374e+03,4.43779e-21
1.55384e+03,4.43727e-21
1.55393e+03,4.43612e-21
1.55403e+03,4.43525e-21
1.55412e+03,4.43432e-21
1.55422e+03,4.43318e-21
1.55431e+03,4.43096e-21
1.55441e+03,4.42773e-21
1.55450e+03,4.42753e-21
1.55460e+03,4.42494e-21
1.55469e+03,4.42201e-21
1.55479e+03,4.41949e-21
1.55488e+03,4.41776e-21
1.55498e+03,4.41562e-21
1.55507e+03,4.41269e-21
1.55517e+03,4.41070e-21
1.55526e+03,4.41014e-21
1.55536e+03,4.40615e-21
1.55545e+03,4.40069e-21
1.55555e+03,4.39817e-21
1.55564e+03,4.39439e-21
1.55573e+03,4.39176e-21
1.55583e+03,4.38897e-21
1.55593e+03,4.38692e-21
1.55602e+03,4.38608e-21
1.55612e+03,4.38104e-21
1.55621e+03,4.37514e-21
1.55631e+03,4.37160e-21
1.55640e+03,4.36659e-21
1.55649e+03,4.36206e-21
1.55659e+03,4.35680e-21
1.55669e+03,4.35096e-21
1.55678e+03,4.34676e-21
1.55688e+03,4.34309e-21
1.55697e+03,4.33717e-21
1.55707e+03,4.33081e-21
1.55716e+03,4.32416e-21
1.55726e+03,4.31595e-21
1.55735e+03,4.30881e-21
1.55745e+03,4.30079e-21
1.55754e+03,4.29274e-21
1.55764e+03,4.28250e-21
1.55773e+03,4.27173e-21
1.55783e+03,4.26015e-21
1.55792e+03,4.24914e-21
1.55802e+03,4.23757e-21
1.55811e+03,4.22547e-21
1.55821e+03,4.21405e-21
1.55830e+03,4.20256e-21
1.55840e+03,4.18962e-21
1.55849e+03,4.17568e-21
1.55859e+03,4.16299e-21
1.55868e+03,4.14914e-21
1.55878e+03,4.13297e-21
1.55887e+03,4.11604e-21
1.55897e+03,4.09842e-21
1.55906e+03,4.08188e-21
1.55916e+03,4.06534e-21
1.55925e+03,4.04889e-21
1.55935e+03,4.03100e-21
1.55944e+03,4.01553e-21
1.55954e+03,3.99908e-21
1.55963e+03,3.98224e-21
1.55972e+03,3.96516e-21
1.55982e+03,3.94782e-21
1.55992e+03,3.93040e-21
1.56001e+03,3.91343e-21
1.56011e+03,3.89614e-21
1.56020e+03,3.88019e-21
1.56030e+03,3.86775e-21
1.56039e+03,3.85323e-21
1.56048e+03,3.83691e-21
1.56058e+03,3.82019e-21
1.56068e+03,3.80365e-21
1.56077e+03,3.78841e-21
1.56087e+03,3.77077e-21
1.56096e+03,3.75601e-21
1.56106e+03,3.74140e-21
1.56115e+03,3.72360e-21
1.56124e+03,3.70524e-21
1.56134e+03,3.68888e-21
1.56144e+03,3.67221e-21
1.56153e+03,3.65783e-21
1.56163e+03,3.64220e-21
1.56172e+03,3.62508e-21
1.56182e+03,3.60682e-21
1.56191e+03,3.59028e-21
1.56201e+03,3.57408e-21
1.56210e+03,3.55794e-21
1.56220e+03,3.54198e-21
1.56229e+03,3.52442e-21
1.56239e+03,3.50631e-21
1.56248e+03,3.49044e-21
1.56258e+03,3.47415e-21
1.56267e+03,3.45719e-21
1.56277e+03,3.44174e-21
1.56286e+03,3.42543e-21
1.56295e+03,3.41105e-21
1.56305e+03,3.39533e-21
1.56315e+03,3.37879e-21
1.56324e+03,3.36338e-21
1.56334e+03,3.34660e-21
1.56343e+03,3.32927e-21
1.56353e+03,3.31229e-21
1.56362e+03,3.29681e-21
1.56371e+03,3.28185e-21
1.56381e+03,3.26726e-21
1.56391e+03,3.25355e-21
1.56400e+03,3.23886e-21
1.56410e+03,3.22444e-21
1.56419e+03,3.20979e-21
1.56429e+03,3.19464e-21
1.56438e+03,3.18113e-21
1.56447e+03,3.16700e-21
1.56457e+03,3.15468e-21
1.56467e+03,3.13933e-21
1.56476e+03,3.12705e-21
1.56486e+03,3.11340e-21
1.56495e+03,3.10013e-21
1.56505e+03,3.08696e-21
1.56514e+03,3.07246e-21
1.56523e+03,3.05756e-21
1.56533e+03,3.04464e-21
1.56543e+03,3.03147e-21
1.56552e+03,3.01758e-21
1.56562e+03,3.00161e-21
1.56571e+03,2.98790e-21
1.56581e+03,2.97447e-21
1.56590e+03,2.96137e-21
1.56599e+03,2.94906e-21
1.56609e+03,2.93834e-21
1.56618e+03,2.92511e-21
1.56628e+03,2.91242e-21
1.56638e+03,2.89825e-21
1.56647e+03,2.88508e-21
1.56657e+03,2.87220e-21
1.56666e+03,2.86055e-21
1.56676e+03,2.84851e-21
1.56685e+03,2.83666e-21
1.56694e+03,2.82362e-21
1.56704e+03,2.80974e-21
1.56714e+03,2.79683e-21
1.56723e+03,2.78217e-21
1.56733e+03,2.76824e-21
1.56742e+03,2.75609e-21
1.56752e+03,2.74472e-21
1.56761e+03,2.73171e-21
1.56770e+03,2.71915e-21
1.56780e+03,2.70564e-21
1.56790e+03,2.69211e-21
1.56799e+03,2.67912e-21
1.56809e+03,2.66634e-21
1.56818e+03,2.65533e-21
1.56828e+03,2.64548e-21
1.56837e+03,2.63524e-21
1.56846e+03,2.62460e-21
1.56856e+03,2.61428e-21
1.56866e+03,2.60318e-21
1.56875e+03,2.59088e-21
1.56885e+03,2.57932e-21
1.56894e+03,2.56778e-21
1.56904e+03,2.55773e-21
1.56913e+03,2.54771e-21
1.56922e+03,2.53658e-21
1.56932e+03,2.52618e-21
1.56942e+03,2.51453e-21
1.56951e+03,2.50513e-21
1.56961e+03,2.49397e-21
1.56970e+03,2.48344e-21
1.56980e+03,2.47254e-21
1.56989e+03,2.46295e-21
1.56998e+03,2.45057e-21
1.57008e+03,2.44031e-21
1.57018e+03,2.42870e-21
1.57027e+03,2.41641e-21
1.57037e+03,2.40506e-21
1.57046e+03,2.39722e-21
1.57056e+03,2.38793e-21
1.57065e+03,2.37837e-21
1.57075e+03,2.36721e-21
1.57084e+03,2.35547e-21
1.57093e+03,2.34378e-21
1.57103e+03,2.33150e-21
1.57113e+03,2.31989e-21
1.57122e+03,2.30811e-21
1.57132e+03,2.29614e-21
1.57141e+03,2.28519e-21
1.57151e+03,2.27408e-21
1.57160e+03,2.26078e-21
1.57169e+03,2.24681e-21
1.57179e+03,2.23398e-21
1.57189e+03,2.22106e-21
1.57198e+03,2.20975e-21
1.57208e+03,2.19984e-21
1.57217e+03,2.18924e-21
1.57227e+03,2.17782e-21
1.57236e+03,2.16725e-21
1.57245e+03,2.15700e-21
1.57255e+03,2.14740e-21
1.57265e+03,2.13790e-21
1.57274e+03,2.12884e-21
1.57284e+03,2.12125e-21
1.57293e+03,2.11322e-21
1.57303e+03,2.10478e-21
1.57312e+03,2.09484e-21
1.57321e+03,2.08398e-21
1.57331e+03,2.07237e-21
1.57341e+03,2.06226e-21
1.57350e+03,2.05340e-21
1.57360e+03,2.04461e-21
1.57369e+03,2.03570e-21
1.57379e+03,2.02598e-21
1.57388e+03,2.01689e-21
1.57398e+03,2.00742e-21
1.57407e+03,1.99878e-21
1.57417e+03,1.98907e-21
1.57426e+03,1.98039e-21
1.57436e+03,1.97092e-21
1.57445e+03,1.96258e-21
1.57455e+03,1.95568e-21
1.57464e+03,1.94931e-21
1.57474e+03,1.93975e-21
1.57483e+03,1.93326e-21
1.57493e+03,1.92689e-21
1.57502e+03,1.92091e-21
1.57512e+03,1.91451e-21
1.57521e+03,1.90802e-21
1.57531e+03,1.90182e-21
1.57540e+03,1.89510e-21
1.57550e+03,1.88838e-21
1.57559e+03,1.87986e-21
1.57568e+03,1.87347e-21
1.57578e+03,1.86680e-21
1.57588e+03,1.86249e-21
1.57597e+03,1.85699e-21
1.57607e+03,1.85253e-21
1.57616e+03,1.84801e-21
1.57626e+03,1.84159e-21
1.57635e+03,1.83430e-21
1.57644e+03,1.82705e-21
1.57654e+03,1.82048e-21
1.57664e+03,1.81518e-21
1.57673e+03,1.81079e-21
1.57683e+03,1.80538e-21
1.57692e+03,1.79994e-21
1.57702e+03,1.79556e-21
1.57711e+03,1.79079e-21
1.57721e+03,1.78559e-21
1.57730e+03,1.78017e-21
1.57740e+03,1.77381e-21
1.57749e+03,1.76755e-21
1.57759e+03,1.76283e-21
1.57768e+03,1.75722e-21
1.57778e+03,1.75031e-21
1.57787e+03,1.74337e-21
1.57797e+03,1.73547e-21
1.57806e+03,1.72941e-21
1.57816e+03,1.72477e-21
1.57825e+03,1.71864e-21
1.57835e+03,1.71240e-21
1.57844e+03,1.70599e-21
1.57854e+03,1.70009e-21
1.57863e+03,1.69504e-21
1.57873e+03,1.68800e-21
1.57882e+03,1.68246e-21
1.57892e+03,1.67539e-21
1.57901e+03,1.66956e-21
1.57911e+03,1.66487e-21
1.57920e+03,1.66167e-21
1.57930e+03,1.65835e-21
1.57939e+03,1.65354e-21
1.57949e+03,1.64878e-21
1.57958e+03,1.64601e-21
1.57968e+03,1.64257e-21
1.57977e+03,1.63768e-21
1.57987e+03,1.63300e-21
1.57996e+03,1.62838e-21
1.58006e+03,1.62596e-21
1.58015e+03,1.62257e-21
1.58024e+03,1.61914e-21
1.58034e+03,1.61504e-21
1.58043e+03,1.61361e-21
1.58053e+03,1.61049e-21
1.58063e+03,1.60689e-21
1.58072e+03,1.60255e-21
1.58082e+03,1.59958e-21
1.58091e+03,1.59675e-21
1.58101e+03,1.59319e-21
1.58110e+03,1.58833e-21
1.58120e+03,1.58476e-21
1.58129e+03,1.58160e-21
1.58139e+03,1.58004e-21
1.58148e+03,1.57836e-21
1.58158e+03,1.57516e-21
1.58167e+03,1.57342e-21
1.58177e+03,1.57298e-21
1.58186e+03,1.56900e-21
1.58196e+03,1.56529e-21
1.58205e+03,1.56073e-21
1.58215e+03,1.55748e-21
1.58224e+03,1.55435e-21
1.58234e+03,1.54969e-21
1.58243e+03,1.54585e-21
1.58253e+03,1.54182e-21
1.58262e+03,1.53733e-21
1.58272e+03,1.53303e-21
1.58281e+03,1.52927e-21
1.58291e+03,1.52572e-21
1.58300e+03,1.52226e-21
1.58310e+03,1.51843e-21
1.58319e+03,1.51516e-21
1.58329e+03,1.51299e-21
1.58338e+03,1.50917e-21
1.58347e+03,1.50554e-21
1.58357e+03,1.50172e-21
1.58367e+03,1.49833e-21
1.58376e+03,1.49672e-21
1.58386e+03,1.49492e-21
1.58395e+03,1.49350e-21
1.58405e+03,1.49139e-21
1.58414e+03,1.48834e-21
1.58423e+03,1.48687e-21
1.58433e+03,1.48577e-21
1.58443e+03,1.48391e-21
1.58452e+03,1.48135e-21
1.58462e+03,1.47910e-21
1.58471e+03,1.47629e-21
1.58481e+03,1.47588e-21
1.58490e+03,1.47464e-21
1.58499e+03,1.47246e-21
1.58509e+03,1.47114e-21
1.58519e+03,1.46866e-21
1.58528e+03,1.46560e-21
1.58538e+03,1.46428e-21
1.58547e+03,1.46259e-21
1.58557e+03,1.46190e-21
1.58566e+03,1.46067e-21
1.58576e+03,1.45831e-21
1.58585e+03,1.45506e-21
1.58595e+03,1.45339e-21
1.58604e+03,1.45213e-21
1.58614e+03,1.45260e-21
1.58623e+03,1.45182e-21
1.58633e+03,1.44858e-21
1.58642e+03,1.44748e-21
1.58652e+03,1.44460e-21
1.58661e+03,1.44054e-21
1.58671e+03,1.43751e-21
1.58680e+03,1.43523e-21
1.58690e+03,1.43295e-21
1.58699e+03,1.42943e-21
1.58709e+03,1.42719e-21
1.58718e+03,1.42626e-21
1.58728e+03,1.42285e-21
1.58737e+03,1.42033e-21
1.58746e+03,1.41783e-21
1.58756e+03,1.41681e-21
1.58766e+03,1.41536e-21
1.58775e+03,1.41478e-21
1.58785e+03,1.41424e-21
1.58794e+03,1.41308e-21
1.58804e+03,1.41150e-21
1.58813e+03,1.40963e-21
1.58822e+03,1.40790e-21
1.58832e+03,1.40507e-21
1.58842e+03,1.40384e-21
1.58851e+03,1.40166e-21
1.58861e+03,1.40002e-21
1.58870e+03,1.39955e-21
1.58880e+03,1.39769e-21
1.58889e+03,1.39626e-21
1.58898e+03,1.39540e-21
1.58908e+03,1.39404e-21
1.58918e+03,1.39140e-21
1.58927e+03,1.38855e-21
1.58937e+03,1.38721e-21
1.58946e+03,1.38532e-21
1.58956e+03,1.38328e-21
1.58965e+03,1.38097e-21
1.58974e+03,1.37823e-21
1.58984e+03,1.37594e-21
1.58994e+03,1.37438e-21
1.59003e+03,1.37324e-21
1.59013e+03,1.37267e-21
1.59022e+03,1.37080e-21
1.59032e+03,1.36985e-21
1.59041e+03,1.36934e-21
1.59051e+03,1.36677e-21
1.59060e+03,1.36301e-21
1.59069e+03,1.36244e-21
1.59079e+03,1.36180e-21
1.59089e+03,1.36051e-21
1.59098e+03,1.35724e-21
1.59108e+03,1.35459e-21
1.59117e+03,1.35339e-21
1.59127e+03,1.35163e-21
1.59136e+03,1.34946e-21
1.59145e+03,1.34682e-21
1.59155e+03,1.34549e-21
1.59165e+03,1.34344e-21
1.59174e+03,1.34206e-21
1.59184e+03,1.34002e-21
1.59193e+03,1.33681e-21
1.59203e+03,1.33469e-21
1.59212e+03,1.33385e-21
1.59221e+03,1.33052e-21
1.59231e+03,1.32863e-21
1.59241e+03,1.32707e-21
1.59250e+03,1.32677e-21
1.59260e+03,1.32464e-21
1.59269e+03,1.32312e-21
1.59279e+03,1.32247e-21
1.59288e+03,1.32138e-21
1.59297e+03,1.31782e-21
1.59307e+03,1.31483e-21
1.59317e+03,1.31212e-21
1.59326e+03,1.31165e-21
1.59336e+03,1.31066e-21
1.59345e+03,1.30739e-21
1.59355e+03,1.30493e-21
1.59364e+03,1.30311e-21
1.59373e+03,1.30125e-21
1.59383e+03,1.29938e-21
1.59393e+03,1.29770e-21
1.59402e+03,1.29551e-21
1.59412e+03,1.29405e-21
1.59421e+03,1.29281e-21
1.59431e+03,1.29092e-21
1.59440e+03,1.29054e-21
1.59450e+03,1.28937e-21
1.59459e+03,1.28858e-21
1.59468e+03,1.28860e-21
1.59478e+03,1.28802e-21
1.59488e+03,1.28684e-21
1.59497e+03,1.28503e-21
1.59507e+03,1.28167e-21
1.59516e+03,1.27994e-21
1.59526e+03,1.27683e-21
1.59535e+03,1.27596e-21
1.59544e+03,1.27655e-21
1.59554e+03,1.27576e-21
1.59564e+03,1.27430e-21
1.59573e+03,1.27260e-21
1.59583e+03,1.27221e-21
1.59592e+03,1.26913e-21
1.59602e+03,1.26722e-21
1.59611e+03,1.26559e-21
1.59620e+03,1.26387e-21
1.59630e+03,1.26167e-21
1.59640e+03,1.26075e-21
1.59649e+03,1.25913e-21
1.59659e+03,1.25605e-21
1.59668e+03,1.25512e-21
1.59678e+03,1.25427e-21
1.59687e+03,1.25215e-21
1.59696e+03,1.25067e-21
1.59706e+03,1.24983e-21
1.59716e+03,1.24925e-21
1.59725e+03,1.24753e-21
1.59735e+03,1.24542e-21
1.59744e+03,1.24568e-21
1.59754e+03,1.24285e-21
1.59763e+03,1.23966e-21
1.59772e+03,1.23612e-21
1.59782e+03,1.23524e-21
1.59792e+03,1.23547e-21
1.59801e+03,1.23589e-21
1.59811e+03,1.23323e-21
1.59820e+03,1.23121e-21
1.59830e+03,1.23080e-21
1.59839e+03,1.22976e-21
1.59849e+03,1.22773e-21
1.59858e+03,1.22754e-21
1.59868e+03,1.22640e-21
1.59877e+03,1.22533e-21
1.59887e+03,1.22455e-21
1.59896e+03,1.22357e-21
1.59906e+03,1.22233e-21
1.59915e+03,1.22158e-21
1.59925e+03,1.22078e-21
1.59934e+03,1.21955e-21
1.59943e+03,1.21773e-21
1.59953e+03,1.21594e-21
1.59963e+03,1.21269e-21
1.59972e+03,1.21127e-21
1.59982e+03,1.20842e-21
1.59991e+03,1.20807e-21
1.60001e+03,1.20688e-21
1.60010e+03,1.20707e-21
1.60019e+03,1.20545e-21
1.60029e+03,1.20258e-21
1.60039e+03,1.19878e-21
1.60048e+03,1.19586e-21
1.60058e+03,1.19241e-21
1.60067e+03,1.19008e-21
1.60077e+03,1.18885e-21
1.60086e+03,1.18735e-21
1.60095e+03,1.18561e-21
1.60105e+03,1.18250e-21
1.60115e+03,1.17988e-21
1.60124e+03,1.17677e-21
1.60134e+03,1.17504e-21
1.60143e+03,1.17228e-21
1.60153e+03,1.16707e-21
1.60162e+03,1.16352e-21
1.60172e+03,1.16080e-21
1.60181e+03,1.15781e-21
1.60191e+03,1.15530e-21
1.60200e+03,1.15403e-21
1.60210e+03,1.15136e-21
1.60219e+03,1.14965e-21
1.60229e+03,1.14609e-21
1.60238e+03,1.14401e-21
1.60248e+03,1.14260e-21
1.60257e+03,1.14046e-21
1.60267e+03,1.13729e-21
1.60276e+03,1.13308e-21
1.60286e+03,1.12982e-21
1.60295e+03,1.12620e-21
1.60305e+03,1.12434e-21
1.60314e+03,1.12237e-21
1.60324e+03,1.12106e-21
1.60333e+03,1.11857e-21
1.60343e+03,1.11486e-21
1.60352e+03,1.11264e-21
1.60362e+03,1.11037e-21
1.60371e+03,1.10700e-21
1.60381e+03,1.10406e-21
1.60390e+03,1.10076e-21
1.60400e+03,1.09646e-21
1.60409e+03,1.09085e-21
1.60418e+03,1.08741e-21
1.60428e+03,1.08562e-21
1.60438e+03,1.08247e-21
1.60447e+03,1.08095e-21
1.60457e+03,1.07808e-21
1.60466e+03,1.07610e-21
1.60476e+03,1.07365e-21
1.60485e+03,1.07130e-21
1.60495e+03,1.06797e-21
1.60504e+03,1.06485e-21
1.60514e+03,1.06217e-21
1.60523e+03,1.06029e-21
1.60533e+03,1.06001e-21
1.60542e+03,1.05780e-21
1.60552e+03,1.05442e-21
1.60561e+03,1.05165e-21
1.60571e+03,1.04843e-21
1.60580e+03,1.04523e-21
1.60590e+03,1.04536e-21
1.60599e+03,1.04564e-21
1.60609e+03,1.04336e-21
1.60618e+03,1.03988e-21
1.60628e+03,1.03972e-21
1.60637e+03,1.04108e-21
1.60647e+03,1.04083e-21
1.60656e+03,1.03966e-21
1.60666e+03,1.03768e-21
1.60675e+03,1.03869e-21
1.60685e+03,1.03745e-21
1.60694e+03,1.03657e-21
1.60704e+03,1.03576e-21
1.60713e+03,1.03399e-21
1.60723e+03,1.03200e-21
1.60732e+03,1.02903e-21
1.60742e+03,1.02673e-21
1.60751e+03,1.02496e-21
1.60761e+03,1.02321e-21
1.60770e+03,1.02019e-21
1.60780e+03,1.01937e-21
1.60789e+03,1.01809e-21
1.60798e+03,1.01544e-21
1.60808e+03,1.01130e-21
1.60818e+03,1.00932e-21
1.60827e+03,1.00566e-21
1.60837e+03,1.00238e-21
1.60846e+03,9.98231e-22
1.60856e+03,9.94831e-22
1.60865e+03,9.92173e-22
1.60874e+03,9.88729e-22
1.60884e+03,9.87791e-22
1.60894e+03,9.87808e-22
1.60903e+03,9.84972e-22
1.60913e+03,9.81739e-22
1.60922e+03,9.79136e-22
1.60932e+03,9.75138e-22
1.60941e+03,9.70717e-22
1.60951e+03,9.67071e-22
1.60960e+03,9.62948e-22
1.60970e+03,9.59143e-22
1.60979e+03,9.55686e-22
1.60989e+03,9.52251e-22
1.60998e+03,9.50791e-22
1.61008e+03,9.49089e-22
1.61017e+03,9.44672e-22
1.61027e+03,9.42701e-22
1.61036e+03,9.39861e-22
1.61046e+03,9.38012e-22
1.61055e+03,9.38449e-22
1.61065e+03,9.37456e-22
1.61074e+03,9.34851e-22
1.61084e+03,9.32946e-22
1.61093e+03,9.33632e-22
1.61103e+03,9.34529e-22
1.61112e+03,9.32691e-22
1.61122e+03,9.30463e-22
1.61131e+03,9.28109e-22
1.61141e+03,9.27300e-22
1.61150e+03,9.26023e-22
1.61160e+03,9.22685e-22
1.61169e+03,9.20217e-22
1.61179e+03,9.17076e-22
1.61188e+03,9.15138e-22
1.61197e+03,9.14042e-22
1.61207e+03,9.12555e-22
1.61217e+03,9.09982e-22
1.61226e+03,9.08465e-22
1.61236e+03,9.08328e-22
1.61245e+03,9.06488e-22
1.61255e+03,9.05523e-22
1.61264e+03,9.04419e-22
1.61273e+03,9.02285e-22
1.61283e+03,9.01570e-22
1.61293e+03,9.00582e-22
1.61302e+03,9.00092e-22
1.61312e+03,9.00992e-22
1.61321e+03,9.00155e-22
1.61331e+03,8.99199e-22
1.61340e+03,8.99028e-22
1.61349e+03,8.97440e-22
1.61359e+03,8.97363e-22
1.61369e+03,8.94817e-22
1.61378e+03,8.92300e-22
1.61388e+03,8.91502e-22
1.61397e+03,8.89741e-22
1.61407e+03,8.88205e-22
1.61416e+03,8.88181e-22
1.61426e+03,8.86746e-22
1.61435e+03,8.85414e-22
1.61445e+03,8.85077e-22
1.61454e+03,8.83903e-22
1.61464e+03,8.83543e-22
1.61473e+03,8.83078e-22
1.61483e+03,8.80972e-22
1.61492e+03,8.79149e-22
1.61502e+03,8.78162e-22
1.61511e+03,8.77894e-22
1.61520e+03,8.78372e-22
1.61530e+03,8.78660e-22
1.61540e+03,8.79036e-22
1.61549e+03,8.77652e-22
1.61559e+03,8.76332e-22
1.61568e+03,8.75533e-22
1.61578e+03,8.72338e-22
1.61587e+03,8.68004e-22
1.61596e+03,8.65855e-22
1.61606e+03,8.63626e-22
1.61616e+03,8.63980e-22
1.61625e+03,8.62366e-22
1.61635e+03,8.61695e-22
1.61644e+03,8.59673e-22
1.61654e+03,8.57253e-22
1.61663e+03,8.55714e-22
1.61672e+03,8.54108e-22
1.61682e+03,8.51666e-22
1.61692e+03,8.47994e-22
1.61701e+03,8.46966e-22
1.61711e+03,8.45173e-22
1.61720e+03,8.40598e-22
1.61730e+03,8.38952e-22
1.61739e+03,8.37414e-22
1.61748e+03,8.35497e-22
1.61758e+03,8.32684e-22
1.61768e+03,8.30438e-22
1.61777e+03,8.28810e-22
1.61787e+03,8.26545e-22
1.61796e+03,8.21954e-22
1.61806e+03,8.20047e-22
1.61815e+03,8.17202e-22
1.61824e+03,8.15668e-22
1.61834e+03,8.13168e-22
1.61843e+03,8.09040e-22
1.61853e+03,8.06607e-22
1.61863e+03,8.04157e-22
1.61872e+03,8.01839e-22
1.61882e+03,7.99229e-22
1.61891e+03,7.96567e-22
1.61901e+03,7.93111e-22
1.61910e+03,7.90425e-22
1.61919e+03,7.89040e-22
1.61929e+03,7.87627e-22
1.61939e+03,7.85922e-22
1.61948e+03,7.83586e-22
1.61958e+03,7.83165e-22
1.61967e+03,7.82397e-22
1.61977e+03,7.80875e-22
1.61986e+03,7.79298e-22
1.61995e+03,7.76406e-22
1.62005e+03,7.74513e-22
1.62015e+03,7.72557e-22
1.62024e+03,7.69024e-22
1.62034e+03,7.68609e-22
1.62043e+03,7.66685e-22
1.62053e+03,7.65460e-22
1.62062e+03,7.63186e-22
1.62071e+03,7.62560e-22
1.62081e+03,7.60616e-22
1.62091e+03,7.58793e-22
1.62100e+03,7.55898e-22
1.62110e+03,7.52924e-22
1.62119e+03,7.50152e-22
1.62129e+03,7.48553e-22
1.62138e+03,7.48272e-22
1.62147e+03,7.47677e-22
1.62157e+03,7.45574e-22
1.62167e+03,7.42624e-22
1.62176e+03,7.41270e-22
1.62186e+03,7.38486e-22
1.62195e+03,7.36344e-22
1.62205e+03,7.35568e-22
1.62214e+03,7.31194e-22
1.62224e+03,7.29188e-22
1.62233e+03,7.25573e-22
1.62243e+03,7.22450e-22
1.62252e+03,7.17750e-22
1.62262e+03,7.14440e-22
1.62271e+03,7.10476e-22
1.62281e+03,7.09970e-22
1.62290e+03,7.05584e-22
1.62300e+03,7.03028e-22
1.62309e+03,6.99067e-22
1.62318e+03,6.96401e-22
1.62328e+03,6.95200e-22
1.62338e+03,6.92691e-22
1.62347e+03,6.89450e-22
1.62357e+03,6.87683e-22
1.62366e+03,6.86145e-22
1.62376e+03,6.85425e-22
1.62385e+03,6.83432e-22
1.62394e+03,6.81042e-22
1.62404e+03,6.79074e-22
1.62414e+03,6.75886e-22
1.62423e+03,6.73547e-22
1.62433e+03,6.70316e-22
1.62442e+03,6.67000e-22
1.62452e+03,6.63961e-22
1.62461e+03,6.61175e-22
1.62470e+03,6.58811e-22
1.62480e+03,6.57710e-22
1.62490e+03,6.55915e-22
1.62499e+03,6.52960e-22
1.62509e+03,6.50174e-22
1.62518e+03,6.46248e-22
1.62528e+03,6.44094e-22
1.62537e+03,6.40682e-22
1.62546e+03,6.39054e-22
1.62556e+03,6.37305e-22
1.62566e+03,6.36165e-22
1.62575e+03,6.35353e-22
1.62585e+03,6.35269e-22
1.62594e+03,6.34959e-22
1.62604e+03,6.34155e-22
1.62613e+03,6.33942e-22
1.62623e+03,6.30628e-22
1.62632e+03,6.29477e-22
1.62642e+03,6.27660e-22
1.62651e+03,6.26972e-22
1.62661e+03,6.24521e-22
1.62670e+03,6.21687e-22
1.62680e+03,6.19553e-22
1.62689e+03,6.17102e-22
1.62699e+03,6.15020e-22
1.62708e+03,6.10565e-22
1.62718e+03,6.09048e-22
1.62727e+03,6.08000e-22
1.62737e+03,6.07893e-22
1.62746e+03,6.06582e-22
1.62756e+03,6.05658e-22
1.62765e+03,6.01998e-22
1.62775e+03,6.00660e-22
1.62784e+03,5.99023e-22
1.62793e+03,5.97117e-22
1.62803e+03,5.93595e-22
1.62813e+03,5.90131e-22
1.62822e+03,5.88476e-22
1.62832e+03,5.87043e-22
1.62841e+03,5.85007e-22
1.62851e+03,5.84897e-22
1.62860e+03,5.81411e-22
1.62869e+03,5.78946e-22
1.62879e+03,5.77912e-22
1.62889e+03,5.76395e-22
1.62898e+03,5.75294e-22
1.62908e+03,5.73650e-22
1.62917e+03,5.73355e-22
1.62927e+03,5.70879e-22
1.62936e+03,5.67617e-22
1.62946e+03,5.64576e-22
1.62955e+03,5.62510e-22
1.62965e+03,5.60042e-22
1.62974e+03,5.58906e-22
1.62984e+03,5.57070e-22
1.62993e+03,5.56602e-22
1.63003e+03,5.55061e-22
1.63012e+03,5.52952e-22
1.63022e+03,5.49610e-22
1.63031e+03,5.46821e-22
1.63041e+03,5.44070e-22
1.63050e+03,5.42389e-22
1.63060e+03,5.40814e-22
1.63069e+03,5.38444e-22
1.63079e+03,5.36300e-22
1.63088e+03,5.34943e-22
1.63098e+03,5.33914e-22
1.63107e+03,5.32300e-22
1.63117e+03,5.30308e-22
1.63126e+03,5.28171e-22
1.63136e+03,5.23876e-22
1.63145e+03,5.21264e-22
1.63155e+03,5.19033e-22
1.63164e+03,5.15835e-22
1.63174e+03,5.11676e-22
1.63183e+03,5.09264e-22
1.63193e+03,5.07431e-22
1.63202e+03,5.04817e-22
1.63212e+03,5.01922e-22
1.63221e+03,4.99300e-22
1.63231e+03,4.98613e-22
1.63240e+03,4.96589e-22
1.63249e+03,4.95854e-22
1.63259e+03,4.94022e-22
1.63269e+03,4.92351e-22
1.63278e+03,4.90965e-22
1.63288e+03,4.89701e-22
1.63297e+03,4.87786e-22
1.63307e+03,4.85734e-22
1.63316e+03,4.85035e-22
1.63326e+03,4.83168e-22
1.63335e+03,4.80466e-22
1.63345e+03,4.79057e-22
1.63354e+03,4.77716e-22
1.63364e+03,4.76869e-22
1.63373e+03,4.73839e-22
1.63383e+03,4.72463e-22
1.63392e+03,4.70478e-22
1.63402e+03,4.67163e-22
1.63411e+03,4.64379e-22
1.63421e+03,4.63898e-22
1.63430e+03,4.63250e-22
1.63440e+03,4.61752e-22
1.63449e+03,4.59729e-22
1.63459e+03,4.55409e-22
1.63468e+03,4.52945e-22
1.63478e+03,4.49561e-22
1.63487e+03,4.45969e-22
1.63497e+03,4.42755e-22
1.63506e+03,4.40593e-22
1.63516e+03,4.38912e-22
1.63525e+03,4.39063e-22
1.63535e+03,4.37009e-22
1.63544e+03,4.35284e-22
1.63554e+03,4.33534e-22
1.63563e+03,4.30721e-22
1.63572e+03,4.28431e-22
1.63582e+03,4.22786e-22
1.63592e+03,4.19781e-22
1.63601e+03,4.16736e-22
1.63611e+03,4.13933e-22
1.63620e+03,4.11625e-22
1.63630e+03,4.08660e-22
1.63639e+03,4.06905e-22
1.63648e+03,4.04700e-22
1.63658e+03,4.03386e-22
1.63668e+03,4.02103e-22
1.63677e+03,4.00222e-22
1.63687e+03,3.99083e-22
1.63696e+03,3.98931e-22
1.63706e+03,3.97580e-22
1.63715e+03,3.95625e-22
1.63724e+03,3.93104e-22
1.63734e+03,3.90747e-22
1.63744e+03,3.89366e-22
1.63753e+03,3.89301e-22
1.63763e+03,3.86169e-22
1.63772e+03,3.85289e-22
1.63782e+03,3.84457e-22
1.63791e+03,3.83658e-22
1.63801e+03,3.82881e-22
1.63810e+03,3.82114e-22
1.63820e+03,3.81345e-22
1.63829e+03,3.80560e-22
1.63839e+03,3.79749e-22
1.63848e+03,3.78898e-22
1.63858e+03,3.77995e-22
1.63867e+03,3.77028e-22
1.63877e+03,3.75985e-22
1.63886e+03,3.74854e-22
1.63896e+03,3.73622e-22
1.63905e+03,3.72277e-22
1.63915e+03,3.70806e-22
1.63924e+03,3.69198e-22
1.63934e+03,3.67440e-22
1.63943e+03,3.65520e-22
1.63953e+03,3.63425e-22
1.63962e+03,3.61144e-22
1.63971e+03,3.58664e-22
1.63981e+03,3.55972e-22
1.63991e+03,3.53057e-22
1.64000e+03,3.49907e-22
